#EVENT 2022-08-17 07:00 - 2022-09-30 21:00 (calib 2022-09-06 14:00 - 2022-09-30 21:00)
#time	theta
1753200	0.1574
1756800	0.1545165
1760400	0.1644165
1764000	0.1663
1767600	0.1662165
1771200	0.1655835
1774800	0.1661665
1778400	0.1647
1782000	0.1645335
1785600	0.165
1789200	0.1638
1792800	0.1635
1796400	0.164
1800000	0.1645
1803600	0.16365
1807200	0.16235
1810800	0.163
1814400	0.163
1818000	0.1630335
1821600	0.163133
1825200	0.163
1828800	0.16275
1832400	0.161117
1836000	0.1596665
1839600	0.1616
1843200	0.1616665
1846800	0.159133
1850400	0.1603335
1854000	0.1610665
1857600	0.1610335
1861200	0.161
1864800	0.1614335
1868400	0.1626335
1872000	0.161433
1875600	0.159817
1879200	0.1591
1882800	0.1584
1886400	0.158
1890000	0.158
1893600	0.1584
1897200	0.1587835
1900800	0.158967
1904400	0.159
1908000	0.159
1911600	0.1590665
1915200	0.15875
1918800	0.1588835
1922400	0.1596
1926000	0.1594665
1929600	0.1581335
1933200	0.1582335
1936800	0.1582
1940400	0.1582335
1944000	0.158333
1947600	0.1580665
1951200	0.1581335
1954800	0.158867
1958400	0.159
1962000	0.1592835
1965600	0.16
1969200	0.1599
1972800	0.159683
1976400	0.1600665
1980000	0.1596
1983600	0.15805
1987200	0.156767
1990800	0.1564835
1994400	0.1566165
1998000	0.1576
2001600	0.15885
2005200	0.1586665
2008800	0.1573335
2012400	0.1569335
2016000	0.157517
2019600	0.1579665
2023200	0.15795
2026800	0.157783
2030400	0.1579335
2034000	0.158
2037600	0.1579335
2041200	0.1579335
2044800	0.157983
2048400	0.1582
2052000	0.158067
2055600	0.157
2059200	0.1553
2062800	0.1552665
2066400	0.1557335
2070000	0.1556
2073600	0.1554
2077200	0.15455
2080800	0.15455
2084400	0.15535
2088000	0.156367
2091600	0.157217
2095200	0.154567
2098800	0.154
2102400	0.1540335
2106000	0.154767
2109600	0.154983
2113200	0.1546335
2116800	0.1540335
2120400	0.153533
2124000	0.1529665
2127600	0.152433
2131200	0.153
2134800	0.153
2138400	0.153
2142000	0.1530665
2145600	0.1531835
2149200	0.1534
2152800	0.1537335
2156400	0.1539335
2160000	0.154
2163600	0.154
2167200	0.1538
2170800	0.152233
2174400	0.15215
2178000	0.1527165
2181600	0.152067
2185200	0.1517335
2188800	0.1497
2192400	0.1516165
2196000	0.1509
2199600	0.15085
2203200	0.151
2206800	0.1504335
2210400	0.150333
2214000	0.151667
2217600	0.1514335
2221200	0.1501835
2224800	0.1489335
2228400	0.14805
2232000	0.1473665
2235600	0.1473165
2239200	0.147817
2242800	0.148
2246400	0.148
2250000	0.148
2253600	0.148
2257200	0.148567
2260800	0.1471
2264400	0.1478
2268000	0.146
2271600	0.146
2275200	0.14655
2278800	0.1459335
2282400	0.146
2286000	0.146
2289600	0.146
2293200	0.146
2296800	0.1460335
2300400	0.14675
2304000	0.147
2307600	0.146517
2311200	0.1454665
2314800	0.1437
2318400	0.1426335
2322000	0.143567
2325600	0.144
2329200	0.1433665
2332800	0.1432
2336400	0.142867
2340000	0.143467
2343600	0.14365
2347200	0.14265
2350800	0.1429
2354400	0.1431
2358000	0.1423335
2361600	0.1424
2365200	0.143
2368800	0.143
2372400	0.1428
2376000	0.1429335
2379600	0.1422665
2383200	0.1412665
2386800	0.1408335
2390400	0.1409665
2394000	0.141
2397600	0.1410165
2401200	0.1411165
2404800	0.1412
2408400	0.1414
2412000	0.1414335
2415600	0.14145
2419200	0.1413165
2422800	0.1412335
2426400	0.1410165
2430000	0.1413335
2433600	0.1428
2437200	0.1430665
2440800	0.143
2444400	0.1429835
2448000	0.1423
2451600	0.142
2455200	0.142
2458800	0.1420665
2462400	0.1422335
2466000	0.142167
2469600	0.1419665
2473200	0.1418
2476800	0.1424335
2480400	0.1432335
2484000	0.1427665
2487600	0.143567
2491200	0.1437665
2494800	0.1439335
2498400	0.1437335
2502000	0.1439
2505600	0.143667
2509200	0.1438665
2512800	0.144
2516400	0.144
2520000	0.1458335
2523600	0.163383
2527200	0.1740835
2530800	0.178
2534400	0.1805
2538000	0.1819
2541600	0.181833
2545200	0.18365
2548800	0.1835335
2552400	0.184267
2556000	0.1857335
2559600	0.1849
2563200	0.1841
2566800	0.184
2570400	0.184
2574000	0.184
2577600	0.184
2581200	0.1842
2584800	0.1852
2588400	0.1861
2592000	0.18685
2595600	0.186817
2599200	0.1866
2602800	0.18655
2606400	0.1848
2610000	0.1849335
2613600	0.185
2617200	0.185
2620800	0.1836835
2624400	0.183
2628000	0.1832165
2631600	0.184117
2635200	0.18465
2638800	0.185317
2642400	0.185917
2646000	0.1859
2649600	0.1859335
2653200	0.1855665
2656800	0.18545
2660400	0.1848165
2664000	0.1849665
2667600	0.1835665
2671200	0.1829665
2674800	0.18295
2678400	0.183017
2682000	0.183
2685600	0.1829835
2689200	0.182933
2692800	0.182867
2696400	0.1832665
2700000	0.18495
2703600	0.184317
2707200	0.1841665
2710800	0.1852665
2714400	0.1849665
2718000	0.1865665
2721600	0.18545
2725200	0.186583
2728800	0.186067
2732400	0.187967
2736000	0.1880165
2739600	0.1880165
2743200	0.1881665
2746800	0.1883665
2750400	0.1880335
2754000	0.187583
2757600	0.18895
2761200	0.18995
2764800	0.19
2768400	0.19
2772000	0.19
2775600	0.19
2779200	0.190167
2782800	0.1895665
2786400	0.188733
2790000	0.188
2793600	0.1875
2797200	0.18825
2800800	0.1906335
2804400	0.1893335
2808000	0.1890665
2811600	0.190367
2815200	0.19205
2818800	0.1918665
2822400	0.1922165
2826000	0.19215
2829600	0.1930835
2833200	0.1940335
2836800	0.193367
2840400	0.195417
2844000	0.1955835
2847600	0.196983
2851200	0.196883
2854800	0.196117
2858400	0.198
2862000	0.1980665
2865600	0.2001165
2869200	0.2005165
2872800	0.2008
2876400	0.2001835
2880000	0.201167
2883600	0.200683
2887200	0.2023835
2890800	0.203683
2894400	0.2036165
2898000	0.2052335
2901600	0.2050165
2905200	0.2070835
2908800	0.2076
2912400	0.2076
2916000	0.207383
2919600	0.2088835
2923200	0.2083335
2926800	0.2099165
2930400	0.2085665
2934000	0.210783
2937600	0.211
2941200	0.21125
2944800	0.2128165
2948400	0.2122665
2952000	0.2119665
2955600	0.211967
2959200	0.21205
2962800	0.2117165
2966400	0.2119165
2970000	0.2132
2973600	0.214333
2977200	0.2147
2980800	0.2140335
2984400	0.213017
2988000	0.2117665
2991600	0.2112665
2995200	0.2128
2998800	0.2141335
3002400	0.2148
3006000	0.2148665
3009600	0.215
3013200	0.215
3016800	0.2149835
3020400	0.2147665
3024000	0.2143335
3027600	0.2138665
3031200	0.2138
3034800	0.21385
3038400	0.215383
3042000	0.213733
3045600	0.2121165
3049200	0.2128335
3052800	0.212983
3056400	0.212533
3060000	0.211767
3063600	0.21195
3067200	0.21255
3070800	0.21275
3074400	0.213033
3078000	0.2127835
3081600	0.2121165
3085200	0.2117165
3088800	0.2110835
3092400	0.2109
3096000	0.2107835
3099600	0.2109835
3103200	0.211
3106800	0.211
3110400	0.21105
3114000	0.211667
3117600	0.2119665
3121200	0.2115165
3124800	0.2101
3128400	0.2108335
3132000	0.2091
3135600	0.209
3139200	0.20795
3142800	0.2082165
3146400	0.20935
3150000	0.2093
3153600	0.209033
3157200	0.208167
3160800	0.2077335
3164400	0.2079335
3168000	0.20705
3171600	0.2066165
3175200	0.2069835
3178800	0.207
3182400	0.2074
3186000	0.208
3189600	0.2074335
3193200	0.20725
3196800	0.2061665
3200400	0.205
3204000	0.204333
3207600	0.205217
3211200	0.2058835
3214800	0.20455
3218400	0.203233
3222000	0.204367
3225600	0.2023
3229200	0.2024335
3232800	0.20295
3236400	0.2037335
3240000	0.204
3243600	0.203283
3247200	0.2029665
3250800	0.203133
3254400	0.202683
3258000	0.202617
3261600	0.201417
3265200	0.20035
3268800	0.2008335
3272400	0.2010665
3276000	0.2010335
3279600	0.2016
3283200	0.2019835
3286800	0.202
3290400	0.2015835
3294000	0.2007
3297600	0.2016
3301200	0.1998
3304800	0.1978335
3308400	0.1974835
3312000	0.196817
3315600	0.1968165
3319200	0.1973835
3322800	0.1971
3326400	0.1970165
3330000	0.197033
3333600	0.1974835
3337200	0.19795
3340800	0.1977
3344400	0.1968665
3348000	0.19605
3351600	0.19595
3355200	0.195933
3358800	0.19585
3362400	0.19615
3366000	0.1967665
3369600	0.1967
3373200	0.1967
3376800	0.1968165
3380400	0.1949835
3384000	0.195
3387600	0.193067
3391200	0.1925165
3394800	0.192767
3398400	0.190967
3402000	0.1915665
3405600	0.1919665
3409200	0.192
3412800	0.1920835
3416400	0.194417
3420000	0.2269665
3423600	0.2396335
3427200	0.24415
3430800	0.24655
3434400	0.2447
3438000	0.244
3441600	0.2444835
3445200	0.2449
3448800	0.2436165
3452400	0.2426665
3456000	0.243
3459600	0.2431
3463200	0.2435665
3466800	0.2438835
3470400	0.2428835
3474000	0.24145
3477600	0.2411
3481200	0.2402165
3484800	0.2399
3488400	0.238817
3492000	0.239
3495600	0.239
3499200	0.2388165
3502800	0.2374165
3506400	0.2377835
3510000	0.238333
3513600	0.238117
3517200	0.23715
3520800	0.23495
3524400	0.2346335
3528000	0.2350665
3531600	0.23525
3535200	0.235967
3538800	0.235767
3542400	0.2338
3546000	0.2347165
3549600	0.2351335
3553200	0.2358165
3556800	0.2343
3560400	0.2336
3564000	0.2322665
3567600	0.232
3571200	0.2309335
3574800	0.23005
3578400	0.23015
3582000	0.23105
3585600	0.2325
3589200	0.2328835
3592800	0.23215
3596400	0.23245
3600000	0.23135
3603600	0.23065
3607200	0.232117
3610800	0.2336835
3614400	0.232267
3618000	0.2324
3621600	0.2323335
3625200	0.2326665
3628800	0.2329165
3632400	0.23385
3636000	0.241883
3639600	0.2627
3643200	0.27355
3646800	0.2757165
3650400	0.2769
3654000	0.2782835
3657600	0.2824665
3661200	0.2830165
3664800	0.283
3668400	0.28305
3672000	0.2813165
3675600	0.2807165
3679200	0.281383
3682800	0.279
3686400	0.279783
3690000	0.278033
3693600	0.2767835
3697200	0.276
3700800	0.276
3704400	0.2749165
3708000	0.2748
3711600	0.2744
3715200	0.2721165
3718800	0.2729165
3722400	0.2729335
3726000	0.2711
3729600	0.2709
3733200	0.270033
3736800	0.26895
3740400	0.266633
3744000	0.2680165
3747600	0.2662335
3751200	0.2664
3754800	0.2665
3758400	0.2658
3762000	0.2652665
3765600	0.2649335
3769200	0.26485
3772800	0.2646165
3776400	0.264
3780000	0.2631665
3783600	0.2639665
3787200	0.2630835
3790800	0.2611
3794400	0.261
3798000	0.2617335
3801600	0.26095
3805200	0.259617
3808800	0.2599835
3812400	0.26
3816000	0.2585
3819600	0.257617
3823200	0.257933
3826800	0.2570665
3830400	0.2554835
3834000	0.2543
3837600	0.2548835
3841200	0.2553
3844800	0.25595
3848400	0.2554335
3852000	0.254367
